(title "Mach Number")
(labels "Position" "Mach Number")

((xy/key/label "wall1")
-0.2	2.00016
-0.179994	2.00016
-0.159994	2.00016
-0.139995	2.00016
-0.119996	2.00016
-0.0999965	2.00016
-0.0799972	2.00016
-0.0599978	2.00016
-0.0399985	2.00016
-0.0199992	2.00016
0	1.73169
0.0190639	1.3583
0.0389795	1.21464
0.0590183	1.1661
0.0790352	1.15443
0.099079	1.15319
0.119108	1.15385
0.139128	1.15464
0.159152	1.15534
0.179183	1.15596
0.1992	1.15656
0.219216	1.15714
0.239244	1.15772
0.259275	1.15827
0.279293	1.1588
0.299326	1.15927
0.299326	1.15927
0.319368	1.15969
0.33939	1.16004
0.359417	1.16033
0.37945	1.16055
0.399477	1.16073
0.419493	1.16087
0.439526	1.16098
0.459548	1.16109
0.479565	1.16118
0.499582	1.16128
0.519623	1.16139
0.539639	1.16152
0.559666	1.16166
0.579699	1.16183
0.599739	1.16203
0.619756	1.16227
0.639799	1.16257
0.659825	1.16294
0.679845	1.16339
0.699869	1.16394
0.7199	1.16461
0.739917	1.16542
0.759934	1.16637
0.77996	1.16749
0.8	1.1681
)
