(title "Static Pressure")
(labels "Position" "Static Pressure")

((xy/key/label "wall1")
-0.2	100000
-0.179994	100000
-0.159994	100000
-0.139995	100000
-0.119996	100000
-0.0999965	100000
-0.0799972	100000
-0.0599978	100000
-0.0399985	100000
-0.0199992	100000
0	144907
0.0190639	220409
0.0389795	265020
0.0590183	282113
0.0790352	286337
0.099079	286798
0.119108	286559
0.139128	286270
0.159152	286017
0.179183	285790
0.1992	285576
0.219216	285369
0.239244	285169
0.259275	284979
0.279293	284803
0.299326	284645
0.299326	284645
0.319368	284508
0.33939	284393
0.359417	284300
0.37945	284226
0.399477	284169
0.419493	284123
0.439526	284085
0.459548	284053
0.479565	284023
0.499582	283993
0.519623	283964
0.539639	283933
0.559666	283900
0.579699	283865
0.599739	283828
0.619756	283789
0.639799	283749
0.659825	283708
0.679845	283668
0.699869	283631
0.7199	283601
0.739917	283581
0.759934	283572
0.77996	283576
0.8	283583
)
